1000 600 707
653
460
599
481
628
868
604
420
164
332
267
735
376
355
945
790
729
955
621
303
172
329
397
801
245
432
978
149
302
313
367
669
603
113
635
551
216
337
786
147
643
677
680
499
260
573
341
751
351
287
594
573
965
823
375
730
418
563
672
202
409
903
478
687
750
282
752
997
347
513
906
585
187
165
849
988
880
945
645
278
417
829
534
741
238
666
490
465
188
640
326
741
304
785
163
136
880
642
790
316
218
322
971
917
294
811
450
743
508
750
979
273
707
790
909
195
809
244
501
229
625
318
223
927
611
130
544
143
774
283
766
703
956
752
984
336
470
137
909
743
941
673
179
812
245
759
911
231
833
200
471
720
209
131
334
683
223
144
602
997
584
772
418
789
705
506
922
490
526
449
641
226
594
532
475
593
342
408
340
559
803
426
338
734
856
860
347
887
759
523
955
248
926
192
986
132
997
262
758
835
544
435
646
426
465
577
795
959
462
497
165
338
943
583
890
449
375
973
998
474
610
414
983
397
508
684
612
664
125
270
902
840
529
503
961
447
487
421
568
601
654
724
886
807
968
475
699
465
718
131
105
371
365
364
224
924
184
512
143
703
127
884
621
944
606
898
772
705
161
598
842
925
632
723
533
698
738
928
291
608
641
391
611
732
489
883
517
132
551
268
556
744
807
475
701
613
798
920
635
905
406
128
416
687
703
173
839
659
387
865
333
265
410
305
182
232
891
375
978
136
650
164
162
627
397
211
216
862
675
849
861
698
519
874
503
628
529
484
386
828
634
931
292
997
400
843
996
653
279
742
577
852
878
226
749
537
280
795
475
834
495
910
952
680
257
445
164
192
700
916
323
830
837
258
469
360
805
920
616
727
968
354
896
981
172
290
937
184
208
380
683
367
848
966
542
854
383
983
505
617
832
322
987
898
774
318
707
293
321
266
432
719
398
469
514
860
596
1000
108
783
589
601
580
567
393
477
137
941
313
835
697
731
424
985
793
319
882
223
359
598
795
320
863
525
825
884
894
876
255
796
108
520
219
254
505
735
583
819
955
676
894
159
393
789
235
304
433
790
296
350
136
827
656
961
397
858
864
780
377
414
193
150
869
744
442
738
534
380
692
900
922
755
650
275
142
963
210
812
867
710
732
602
671
424
183
292
164
289
127
987
578
643
223
528
579
467
485
200
624
330
631
432
220
225
839
600
703
234
819
514
588
327
926
920
893
532
157
154
140
208
924
487
946
472
353
600
408
210
380
123
294
808
769
464
183
867
548
844
507
158
509
702
355
373
729
743
798
962
516
838
561
107
443
209
136
421
537
501
821
920
123
844
640
650
953
337
985
882
300
752
219
474
438
959
710
219
487
235
912
965
132
598
607
417
864
983
922
966
287
529
250
690
635
190
199
988
384
736
467
145
416
429
171
418
355
414
388
513
853
540
465
319
549
352
648
181
289
521
856
319
442
198
885
645
653
548
265
416
576
831
446
720
963
863
557
998
371
534
955
605
838
395
343
223
841
635
882
745
351
139
219
491
608
122
281
385
699
268
634
951
847
180
807
519
825
690
831
300
295
253
205
920
982
611
974
687
845
522
210
395
559
582
482
959
886
147
573
428
217
667
943
179
587
282
380
903
825
609
609
718
657
844
865
798
972
214
624
452
502
999
603
346
137
606
534
160
150
281
672
212
864
960
248
613
758
274
514
536
513
907
313
274
842
288
573
729
742
773
272
864
823
458
782
895
242
118
137
271
961
837
601
815
167
709
513
314
811
973
861
359
213
699
765
586
807
212
718
458
676
507
680
653
867
118
646
677
405
520
198
375
972
360
391
993
819
860
148
836
978
159
304
394
300
851
974
134
931
168
696
171
411
960
174
169
978
562
654
686
269
162
358
206
619
155
515
324
143
154
861
182
406
144
321
910
302
748
764
841
900
745
107
610
222
873
572
306
363
484
940
303
854
897
812
109
750
476
205
961
941
443
239
129
619
830
902
467
263
460
682
671
709
829
828
284
655
818
194
315
500
367
891
114
947
219
630
610
387
213
818
853
717
874
971
740
950
543
621
468
505
986
122
965
936
448
533
821
351
340
223
602
413
872
463
659
226
971
287
532
311
585
728
872
246
210
402
163
727
352
829
587
661
391
519
598
638
852
158
989
691
179
248
927
367
839
462
433
925
989
417
702
863
473
593
927
873
541
100
736
725
936
323
218
756
645
126
215
555
849
365
879
850
990
466
182
177
742
927
740
422
366
834
345
948
339
619
574
174
996
254
564
205 840
40 276
819 312
457 266
881 470
397 521
804 254
4 633
152 333
694 547
644 754
298 130
766 595
883 135
643 402
880 274
868 484
106 518
402 288
393 607
378 832
21 488
205 967
981 132
537 604
853 247
805 109
390 725
744 470
964 262
785 770
266 639
222 703
983 287
436 509
669 724
639 85
980 444
429 865
478 779
288 542
607 796
765 206
446 686
527 146
593 156
671 71
251 980
444 830
318 851
50 18
917 281
290 877
2 886
139 511
102 443
364 956
382 310
467 915
870 270
422 245
435 577
398 73
944 389
895 947
634 383
237 64
997 290
526 177
912 873
241 189
822 887
542 241
487 296
16 586
513 754
848 248
643 488
901 707
278 866
373 183
520 602
730 375
250 500
921 205
318 499
950 929
503 255
137 75
102 695
930 387
844 922
815 630
76 775
662 148
449 317
687 154
388 998
659 334
571 303
580 847
465 311
207 939
877 172
824 978
349 851
267 873
832 763
322 1
152 105
459 290
585 462
783 262
947 67
25 546
807 798
887 291
443 118
948 662
598 475
155 726
26 682
544 709
567 556
92 492
90 861
857 518
837 657
151 652
225 473
567 385
973 801
367 471
213 318
181 372
645 716
426 7
66 998
523 314
479 202
649 660
971 873
594 363
680 644
124 953
467 748
431 810
281 418
53 372
53 124
172 94
677 809
242 347
230 375
861 247
129 798
491 730
388 2
527 242
76 56
280 842
573 480
982 90
765 492
101 574
890 237
0 186
501 97
718 536
340 266
434 585
635 793
506 381
553 966
203 750
413 737
797 853
369 249
953 838
86 822
287 212
715 965
182 575
702 765
797 555
294 873
8 523
796 880
542 847
408 460
247 293
807 273
922 368
935 981
741 568
245 571
265 94
640 917
439 142
684 99
47 488
172 773
432 131
37 557
52 624
129 245
546 377
369 972
610 255
738 443
261 907
793 828
901 428
136 437
532 933
552 548
402 114
847 369
516 833
946 892
476 481
713 900
650 108
155 952
87 651
517 210
425 96
885 931
682 334
38 873
749 255
439 140
635 896
402 830
130 206
489 258
453 748
960 155
406 224
839 134
868 462
254 911
601 993
581 221
353 526
190 247
441 439
675 630
709 551
636 174
218 61
20 794
640 801
490 844
385 895
90 534
313 155
258 782
516 736
248 309
920 56
588 443
272 948
463 748
959 280
893 661
543 98
81 663
386 563
859 114
144 977
609 862
670 102
774 513
594 9
832 558
423 617
836 299
862 8
521 980
434 241
262 886
187 430
390 665
714 153
657 915
853 834
931 510
38 998
875 602
36 416
476 807
973 677
555 686
154 46
317 813
853 743
707 608
606 149
856 75
992 651
206 14
818 890
948 935
286 583
925 478
758 47
554 989
257 620
873 568
263 925
581 978
19 633
227 891
288 849
731 272
320 679
451 673
810 346
690 868
302 492
225 570
272 714
438 456
158 208
145 605
428 789
224 261
240 131
573 554
947 101
431 354
233 746
256 908
640 525
654 418
73 233
158 66
515 805
188 131
790 980
560 79
411 566
589 20
990 80
216 847
441 287
973 447
74 808
312 871
388 126
198 744
99 696
205 224
794 26
629 407
854 767
0 654
98 722
340 169
232 636
57 932
50 920
59 130
16 458
735 257
880 670
532 879
985 76
398 550
317 429
377 676
173 557
299 872
355 469
52 132
844 246
442 22
805 100
623 961
153 478
756 769
846 976
389 272
686 993
740 254
417 765
890 73
408 81
902 767
576 274
640 444
159 866
797 495
600 466
110 621
898 82
517 860
43 407
464 403
172 546
916 692
69 648
733 451
333 402
238 167
275 980
226 82
43 822
50 516
748 50
887 549
99 407
660 147
478 960
617 675
609 736
819 675
884 799
301 930
556 803
992 94
298 789
402 116
744 981
558 661
177 24
648 786
779 234
611 534
573 759
577 525
320 977
227 727
479 808
140 20
56 426
589 506
746 469
807 575
447 154
623 295
160 70
368 443
19 53
327 201
617 817
448 496
763 426
920 35
414 544
995 225
954 310
106 444
912 493
210 835
723 172
351 296
488 903
133 63
52 787
874 841
210 465
888 509
107 801
717 499
836 360
34 873
656 422
196 668
879 848
689 251
482 573
237 503
788 485
404 726
79 684
446 573
409 507
277 955
811 689
236 633
435 856
882 30
226 788
60 915
200 163
832 738
241 321
882 268
228 793
715 380
547 580
292 858
970 84
670 315
742 856
856 424
471 724
903 386
536 92
21 614
28 471
380 272
578 450
823 287
787 429
584 474
400 892
168 977
118 502
126 290
884 594
70 942
280 595
12 179
825 566
123 975
617 12
721 1
135 672
93 126
763 439
199 64
841 928
984 253
102 519
149 653
16 874
675 349
165 270
54 270
531 729
488 460
212 711
272 91
427 824
298 335
854 669
440 115
586 967
171 21
222 592
827 483
262 885
809 728
430 482
331 974
576 355
397 797
245 337
993 938
327 601
120 605
256 296
681 310
677 698
548 910
453 692
441 413
58 267
300 874
746 319
170 225
540 241
308 575
244 357
717 918
365 149
367 789
358 562
563 866
396 723
999 288
926 646
666 547
811 422
777 672
396 805
266 38
870 693
323 773
549 325
848 192
708 232
294 397
53 8
496 384
920 708
752 762
688 436
844 534
658 304
522 178
842 429
9 290
821 161
217 859
568 529
258 829
