1000 600 277
265
466
329
787
346
245
765
935
886
392
998
161
341
226
340
603
714
237
670
370
127
618
971
220
236
963
412
909
960
126
542
629
471
615
663
437
171
153
330
344
751
424
987
135
958
141
346
801
261
263
823
833
551
321
954
879
615
156
687
802
427
712
931
786
821
569
998
861
873
606
768
695
935
404
772
362
196
637
620
200
287
959
754
939
354
887
777
155
487
464
162
464
107
768
287
670
374
486
587
364
266
135
960
888
221
625
452
791
409
574
963
970
429
607
466
798
945
605
844
502
353
391
931
487
484
659
248
421
477
459
385
533
914
690
761
521
267
610
318
173
753
204
781
834
500
138
338
179
367
309
280
177
299
894
178
869
472
876
486
126
475
807
207
919
667
669
730
985
753
251
484
665
367
978
292
746
706
630
648
541
619
385
511
1000
342
517
864
208
381
613
896
581
648
679
424
881
864
310
253
844
688
249
760
760
626
810
628
527
971
823
211
354
861
102
554
293
501
832
419
125
579
833
279
710
824
806
964
777
168
271
241
994
289
647
905
207
512
837
224
987
841
132
876
163
700
810
435
190
397
845
409
284
323
628
466
590
872
894
309
605
421
717
521
592
110
728
889
161
328
999
103
200
466
563
936
147
831
825
695
207
454
860
832
946
186
321
729
475
357
868
480
655
166
377
796
728
365
679
591
582
801
641
508
375
906
883
152
543
171
161
933
960
194
565
948
255
649
946
503
856
102
676
358
479
265
992
419
592
219
603
245
245
885
833
743
950
188
299
357
214
298
391
969
415
661
349
184
731
554
390
859
445
265
177
889
457
782
354
452
435
972
640
850
483
466
893
284
553
241
557
578
351
800
222
743
924
957
348
160
353
774
667
430
597
789
887
650
223
990
859
310
768
623
676
718
504
923
820
511
710
168
849
305
264
361
446
485
890
722
172
266
726
281
455
446
433
878
473
902
474
471
966
287
568
455
672
768
536
259
857
823
199
252
314
225
598
629
841
994
865
884
520
669
537
116
101
173
144
330
827
391
433
482
787
661
848
224
384
154
257
627
263
915
602
267
758
758
688
308
960
651
901
823
790
761
462
482
615
679
927
972
796
648
833
299
148
438
940
196
336
920
979
535
829
132
236
145
953
604
545
619
500
521
776
814
109
530
471
583
335
292
957
810
896
563
931
660
441
930
483
300
195
112
263
369
257
649
724
626
301
704
561
573
145
802
332
125
495
821
649
511
323
234
845
305
512
257
234
817
211
179
928
447
618
542
219
239
923
991
962
428
595
894
926
219
134
859
471
349
208
620
690
656
835
305
452
935
618
374
709
824
238
512
481
667
546
340
469
468
349
403
575
558
271
597
568
774
584
991
985
632
696
339
925
387
557
818
526
342
332
230
191
939
733
343
844
571
496
859
385
836
393
771
402
700
745
699
617
239
698
781
796
508
245
991
936
797
743
410
870
980
399
920
416
189
500
743
545
326
997
605
856
900
412
161
116
949
171
766
835
991
562
982
524
184
402
452
661
963
349
705
136
286
235
386
897
391
134
301
525
964
827
903
903
717
982
221
613
204
448
437
498
196
774
750
405
260
794
636
579
364
835
176
252
470
273
538
182
903
556
377
184
257
741
415
112
236
833
303
283
562
545
611
273
771
175
353
615
512
914
943
386
242
956
735
498
600
211
432
146
700
171
668
377
504
179
211
876
109
347
782
504
619
288
594
747
816
899
503
235
959
897
165
291
128
466
298
956
785
914
936
838
495
528
270
519
197
494
914
230
827
657
753
224
753
262
318
422
498
800
338
439
693
733
685
514
564
577
150
734
421
970
642
712
954
534
608
541
675
274
282
650
792
443
158
951
775
576
361
681
230
778
589
897
565
832
106
563
608
410
671
548
308
297
104
178
326
732
715
281
809
586
493
703
330
608
937
880
764
210
803
339
794
234
718
610
566
134
912
705
208
480
557
488
716
726
392
200
842
836
628
332
562
962
298
276
989
536
431
827
985
447
671
127
155
398
900
347
494
187
266
986
629
693
970
545
250
630
355
548
736
298
834
563
109
625
207
760
453
969
164
616
242
695
1000
920
818
812
691
225
634
944
408
688
309
327
772
390
332
766
263
871
603
318
126
923
682
325
459
237
924
566
916
232
923
400
211
542
798
499
325
375
709
299
163
269
572
780
901
316
819
254
186
547
760
923
460
226
211
688
748
222
456
114
312
166
416
360
672
453
393
909
784
394
320
915
435
436
781
502
663
505
299
529
615
167
164
470
625
442
248 13
374 461
211 340
370 708
181 731
546 88
459 307
865 102
702 551
569 235
525 598
287 485
487 502
331 806
151 38
131 393
847 193
535 325
490 40
371 347
230 496
285 603
672 216
538 491
859 656
292 222
535 67
382 147
497 17
905 293
398 927
587 471
936 127
491 150
288 394
110 100
769 917
221 504
969 814
128 807
877 176
660 279
339 71
946 316
678 810
651 398
549 730
187 179
288 424
981 467
771 420
172 133
699 615
643 918
678 906
580 342
498 293
754 716
12 345
63 886
648 100
11 641
569 986
922 324
883 870
722 764
352 592
947 229
847 511
998 418
450 131
988 932
335 84
799 396
390 622
680 966
108 445
873 864
501 381
625 444
735 920
774 565
610 623
644 691
223 734
161 526
151 799
353 929
45 464
656 619
866 13
452 39
82 747
87 752
154 702
531 828
167 924
223 513
911 444
479 56
914 560
745 344
479 730
646 993
799 386
738 302
851 180
547 676
668 762
933 193
789 860
335 14
334 331
203 434
347 257
135 5
81 786
162 956
136 755
325 521
181 617
832 984
579 193
819 128
507 771
294 673
184 503
631 493
429 542
286 208
937 878
686 920
635 366
732 455
49 882
470 225
102 18
887 68
254 627
262 512
556 64
795 543
28 119
663 602
68 50
53 167
902 741
663 118
232 565
392 937
750 118
440 721
300 113
497 314
314 967
310 65
92 613
124 475
900 713
220 506
878 243
376 28
890 91
824 924
565 781
740 251
824 220
316 287
893 672
322 890
558 326
83 68
242 922
979 951
300 664
606 57
711 169
657 774
546 491
582 119
439 129
288 90
479 5
170 278
975 184
3 963
962 846
273 282
234 362
291 971
497 921
2 919
943 284
964 253
943 594
137 903
269 850
769 650
727 567
711 248
687 217
454 700
507 305
868 947
264 770
629 623
295 150
889 581
956 459
297 374
200 764
622 805
442 546
566 452
231 784
386 44
948 912
185 857
320 988
865 554
929 23
146 808
900 962
824 687
864 76
293 517
732 92
305 343
632 500
184 985
458 179
62 418
389 114
732 728
978 552
800 316
354 382
459 322
57 235
13 56
813 174
139 786
806 796
678 319
481 106
323 948
402 309
339 647
210 661
257 821
98 745
516 973
66 558
830 302
265 674
788 634
835 695
931 825
308 686
727 718
872 537
600 893
10 699
756 411
454 201
971 643
553 489
549 842
422 5
414 212
827 463
284 149
144 972
933 99
671 865
722 289
726 633
275 99
257 908
595 455
920 315
60 592
557 738
217 61
368 301
765 946
78 58
501 403
277 824
687 996
28 725
42 646
768 206
147 892
764 712
100 954
290 238
214 795
287 839
424 866
886 129
928 119
315 454
903 352
303 770
364 442
529 834
885 168
224 662
941 9
724 782
427 534
991 897
559 104
248 454
6 818
993 56
603 799
662 882
14 846
763 964
632 306
251 445
268 975
308 206
962 608
163 618
762 356
588 404
877 161
340 726
894 55
894 968
115 212
350 250
27 352
734 237
806 288
608 983
393 152
582 617
595 984
742 908
427 918
49 631
795 502
281 759
381 905
876 51
636 40
236 339
593 672
323 256
475 89
37 24
368 514
967 596
832 526
518 80
587 177
781 991
31 159
286 799
492 691
220 604
281 717
155 464
73 783
234 817
920 31
918 799
612 946
946 494
979 995
177 361
714 935
168 913
386 601
721 788
883 28
551 418
113 241
636 859
36 835
440 598
151 406
483 243
881 554
415 450
569 145
336 102
844 898
181 412
724 240
99 57
70 321
951 757
754 625
594 4
0 521
496 314
624 183
396 392
198 956
204 627
89 865
189 113
200 150
276 696
877 948
632 267
25 184
1 710
34 268
305 237
86 516
560 305
95 895
769 37
416 680
185 283
94 959
379 870
88 697
772 716
859 851
419 59
291 602
39 525
623 544
391 916
89 151
462 301
860 508
3 252
821 940
152 185
202 766
253 789
65 484
961 667
149 717
880 280
501 144
578 458
115 817
265 885
550 769
387 84
18 721
124 325
718 328
70 813
790 84
786 763
353 102
882 76
131 765
378 229
73 878
369 37
119 720
129 868
318 291
489 605
358 486
434 95
252 74
169 178
607 745
720 885
305 429
402 621
661 396
835 40
381 612
479 260
489 278
216 641
713 528
67 763
417 299
797 741
198 910
810 761
854 560
449 315
824 293
864 404
314 192
954 17
988 161
533 331
679 53
912 593
576 2
75 958
529 462
560 289
941 938
302 273
428 604
104 653
194 580
343 638
566 434
984 838
660 913
313 176
183 178
133 867
358 855
699 686
651 53
319 142
67 107
629 774
562 280
294 788
139 223
619 793
855 862
942 470
140 890
946 560
354 980
997 735
589 887
833 305
120 67
164 504
359 416
604 6
377 892
235 524
977 51
977 331
882 365
526 568
516 444
591 515
607 335
300 472
726 785
606 255
830 565
534 804
395 843
222 987
216 531
197 738
784 856
41 753
722 873
722 416
319 70
611 662
394 999
240 330
14 681
556 999
172 26
340 242
226 200
906 862
162 792
248 355
238 850
382 989
480 89
797 749
417 498
231 757
608 1
365 411
328 882
715 760
897 763
152 401
733 452
671 582
549 534
331 581
147 103
840 780
884 938
116 978
154 80
947 42
959 342
669 721
717 329
340 902
452 790
909 379
932 424
109 541
189 410
798 382
169 676
