1000 600 83
344
245
404
420
945
895
143
863
769
358
382
800
352
934
511
815
710
878
987
228
780
698
317
919
206
516
961
300
854
753
594
421
663
537
247
793
839
873
116
694
908
617
526
386
577
550
759
132
165
578
963
228
926
868
218
971
624
783
397
292
295
875
346
280
753
339
138
818
626
580
594
849
187
456
525
983
703
493
302
342
204
462
192
209
952
849
610
544
179
820
604
118
480
850
535
367
806
181
963
578
536
838
940
726
152
198
530
798
528
196
710
455
939
110
733
894
485
753
786
446
647
354
533
483
997
960
811
511
728
207
399
360
670
793
698
265
488
517
843
509
221
373
830
279
681
957
567
972
228
378
450
371
914
744
820
328
414
170
642
856
389
957
420
331
230
726
469
399
338
606
606
103
239
281
339
487
915
879
635
428
652
462
139
147
139
713
237
829
535
280
475
143
922
378
349
790
760
420
223
855
737
268
277
195
944
378
396
233
978
456
741
517
558
143
179
825
927
199
305
379
969
501
578
437
140
855
308
732
490
740
645
627
728
723
416
427
765
747
927
259
556
640
156
606
319
637
724
956
130
813
908
694
249
533
682
468
271
734
316
364
580
206
458
450
219
167
289
246
379
406
880
985
219
522
494
653
527
831
532
857
540
372
541
307
459
220
484
351
173
587
906
906
581
112
127
261
424
184
274
203
207
755
762
556
254
343
343
652
634
396
947
881
218
804
281
903
375
774
480
410
916
429
443
162
281
924
891
611
916
106
110
354
949
829
524
260
296
302
418
302
841
556
577
319
908
521
856
840
446
970
359
179
382
391
988
747
194
720
966
370
340
183
911
410
607
225
972
679
597
660
827
355
260
855
198
775
827
955
359
626
119
868
756
618
612
559
229
488
590
493
905
968
997
240
993
259
366
631
450
432
852
925
176
559
467
449
642
620
746
770
998
214
804
204
652
224
514
895
367
685
893
436
402
514
816
993
316
386
160
542
188
558
473
221
126
573
793
605
467
679
578
851
138
827
598
121
489
158
689
554
232
422
194
341
273
637
142
255
271
170
564
538
755
578
813
205
710
735
292
596
741
850
581
439
880
724
878
807
766
145
926
645
485
852
328
292
448
663
588
179
377
965
717
528
647
435
270
630
231
221
731
291
184
853
931
928
172
456
431
803
590
868
782
253
264
945
949
712
169
570
777
614
495
241
144
295
777
647
312
322
396
395
408
921
958
267
686
444
738
146
233
160
792
515
974
334
602
307
341
970
970
135
104
287
422
344
736
135
620
433
692
894
734
664
827
287
426
208
320
314
916
228
255
881
890
691
606
143
837
398
670
253
355
607
465
637
935
398
559
232
791
258
649
335
614
242
701
594
191
646
688
196
964
434
304
509
182
571
795
729
914
528
865
849
772
452
709
742
901
603
417
506
249
115
115
252
598
406
641
851
759
228
604
983
986
536
191
370
614
718
538
823
472
339
779
342
825
576
798
903
757
986
793
362
672
533
480
555
661
509
814
369
665
104
929
470
592
324
136
691
934
978
292
622
138
169
791
485
491
888
471
874
784
393
170
105
999
209
528
739
984
107
668
218
214
326
357
639
361
553
988
854
263
703
624
530
586
443
361
112
442
412
307
218
603
979
493
951
596
380
469
735
606
126
714
964
480
677
284
809
612
379
108
978
773
421
605
800
551
556
682
258
991
837
144
845
543
174
300
712
906
876
466
448
795
875
676
286
290
260
710
666
579
932
920
756
653
330
986
339
209
699
314
859
151
523
754
724
648
905
928
224
757
168
240
348
233
138
716
493
275
587
356
657
866
639
726
594
683
663
939
542
420
220
326
218
410
907
418
175
563
714
408
961
718
671
686
512
871
787
130
918
476
290
315
411
397
855
917
352
498
523
709
436
737
910
929
339
831
335
927
524
515
762
864
162
964
624
343
257
807
780
295
736
675
328
317
312
564
464
758
242
209
243
259
997
514
289
928
310
380
208
363
340
318
532
159
515
157
518
689
218
311
194
164
593
825
608
606
552
837
168
114
393
785
542
261
349
474
512
966
876
814
923
911
824
130
975
867
997
818
415
279
973
393
398
419
544
706
311
991
404
474
523
976
376
445
432
976
759
147
132
616
696
779
483
678
127
510
359
486
810
737
883
148
748
338
847
472
659
310
748
639
863
975
906
759
412
165
225
848
198
763
392
853
638
821
449
513
472
892
341
315
945
670
815
828
195
848
444
611
528
748
395
693
445
778
298
377
104
382
653
240
241
788
705
623
792
173
193
933 941
704 618
621 803
730 472
912 740
692 533
399 785
63 546
820 115
890 260
781 151
485 739
376 783
129 641
727 820
283 703
86 796
977 645
689 532
742 900
764 255
225 478
526 429
822 197
675 817
252 475
243 675
621 969
736 319
370 782
505 927
346 792
395 33
43 36
697 850
975 808
820 329
431 544
41 272
369 874
185 816
489 733
322 202
570 473
729 949
602 502
598 725
961 694
960 39
528 694
625 43
781 188
454 876
403 110
603 162
629 92
510 478
475 971
160 384
797 455
33 424
726 460
259 631
564 419
767 44
149 444
193 416
115 391
122 136
717 483
737 922
776 824
790 68
609 616
253 45
57 369
659 490
183 960
946 192
280 310
354 668
598 999
846 778
47 667
294 405
983 571
482 864
602 800
273 403
754 182
270 622
109 248
930 255
435 369
921 875
458 623
889 701
636 334
848 968
995 359
699 439
771 855
658 558
393 158
781 771
643 740
278 490
477 313
947 403
348 476
778 173
917 491
781 599
791 352
417 970
945 618
372 491
240 655
28 748
295 153
535 215
911 615
195 764
400 148
403 575
939 990
548 476
455 866
901 288
807 663
665 181
28 455
188 940
984 427
123 447
203 654
659 584
327 535
960 201
78 815
225 383
52 681
838 891
844 448
834 752
380 762
952 902
537 754
163 111
481 95
705 979
296 963
273 261
331 74
290 608
284 41
792 185
261 611
962 341
594 634
149 328
865 650
782 3
324 365
172 445
687 914
176 296
677 569
790 507
301 394
686 531
826 102
280 308
119 333
47 521
774 164
976 341
457 508
629 261
709 995
59 997
735 389
168 506
845 319
977 969
918 7
118 490
208 492
822 359
899 46
679 293
348 526
939 269
779 9
752 745
211 9
924 188
827 571
248 163
24 824
786 387
189 696
643 413
969 715
977 439
615 744
568 161
644 69
175 633
375 761
49 389
471 396
264 948
356 969
206 54
568 531
797 195
995 605
765 50
762 328
323 192
768 69
271 811
93 822
853 10
25 213
748 457
536 751
202 700
728 249
38 238
467 347
847 142
636 983
711 367
494 898
419 900
553 141
185 496
264 232
960 831
224 46
383 495
892 324
909 782
323 541
915 752
558 217
795 878
905 688
612 584
995 882
245 132
631 116
538 752
566 53
344 629
153 554
560 707
530 886
275 792
189 502
540 370
994 828
350 369
635 938
452 361
690 671
36 475
133 345
550 856
91 459
20 911
421 748
385 60
938 32
351 290
152 513
180 39
296 581
1 89
188 646
810 586
607 579
786 975
576 830
608 647
943 884
718 512
579 600
336 372
431 946
923 761
719 993
749 599
355 534
897 167
1 219
64 454
243 262
254 852
119 197
863 141
958 913
715 794
293 728
289 470
425 480
854 798
442 315
945 823
283 139
123 585
117 955
474 581
517 258
264 714
22 770
893 769
679 316
591 310
986 153
508 908
662 584
34 377
628 469
751 567
541 668
288 600
240 415
45 976
257 836
635 337
54 666
803 456
697 308
60 786
159 937
424 327
133 476
722 828
310 347
470 761
671 761
349 755
295 252
838 881
918 610
659 791
854 22
111 249
960 19
765 111
785 952
404 730
235 357
720 25
241 822
932 851
754 886
531 979
523 179
518 75
915 653
526 924
844 667
476 773
395 636
671 108
481 335
489 245
569 850
864 647
269 889
690 641
886 995
137 141
115 829
644 780
213 177
882 945
768 282
939 94
675 231
657 190
528 676
659 469
98 793
727 213
207 12
795 421
599 854
240 722
295 198
750 957
828 824
899 634
30 796
626 369
796 991
129 980
840 175
679 818
9 598
380 868
437 517
100 492
737 582
163 507
722 645
383 220
763 423
735 159
915 670
301 902
335 581
271 941
828 628
878 944
792 86
983 649
639 833
279 626
116 591
645 121
417 718
501 928
940 569
868 419
440 973
810 442
109 935
972 35
270 999
164 46
84 217
868 747
136 983
187 70
215 915
807 231
354 508
576 275
0 765
387 935
754 242
187 313
699 704
655 436
375 677
222 16
818 763
788 126
3 18
745 449
171 478
835 220
368 384
852 31
591 831
333 601
674 285
406 523
799 205
714 607
778 602
246 827
948 503
615 409
96 804
294 191
276 460
169 371
809 104
806 865
388 37
266 302
987 864
593 346
437 921
98 28
921 373
749 807
240 805
148 111
884 608
641 96
249 570
171 520
656 724
499 770
836 311
29 767
436 982
326 982
138 53
669 708
533 523
731 906
495 894
376 21
609 530
419 916
237 421
858 563
19 419
789 619
269 609
194 282
288 629
401 796
291 475
856 643
819 963
530 799
857 206
975 353
786 137
140 826
359 497
728 734
425 812
628 266
598 842
904 471
698 812
784 367
664 540
307 366
507 278
608 181
12 114
61 420
917 436
454 803
946 44
695 442
7 117
243 123
349 735
249 652
109 496
556 418
871 485
233 256
974 262
7 608
498 505
957 136
753 543
888 802
79 69
549 250
994 632
800 169
882 952
120 771
113 894
28 891
712 883
682 139
412 223
573 535
349 32
576 698
265 741
521 362
977 959
427 631
388 129
255 191
609 16
514 318
558 109
498 965
665 384
600 328
299 351
312 974
796 905
548 992
891 563
511 82
484 449
864 347
889 146
713 562
731 220
752 557
902 742
808 379
231 979
512 184
210 885
21 772
997 655
477 596
632 198
546 384
775 19
