1000 600 413
38
5
32
69
42
56
8
77
81
62
87
50
72
2
14
44
62
24
21
98
34
88
73
34
11
59
17
31
8
1
72
60
58
21
70
38
67
23
64
77
15
47
85
42
43
57
58
55
37
44
69
7
49
19
42
78
17
74
96
99
4
30
41
15
53
72
83
30
80
94
38
88
44
39
35
61
34
63
0
20
71
1
85
78
98
49
12
59
43
97
43
22
59
74
38
28
27
96
78
36
7
7
63
55
83
74
19
46
42
53
81
33
0
29
25
18
21
96
64
48
53
25
29
61
36
24
62
72
22
7
38
80
32
21
40
3
26
7
75
29
59
36
63
7
85
74
60
62
58
65
80
22
92
65
80
69
89
20
51
10
11
16
99
3
13
68
48
91
37
69
71
3
59
41
35
31
70
96
37
27
94
98
49
13
42
47
82
67
65
40
99
32
82
19
43
74
65
3
22
9
63
93
20
87
21
92
6
71
31
19
94
24
32
10
38
65
46
99
67
67
64
45
53
83
59
75
95
67
62
29
73
68
95
30
25
17
67
69
27
24
87
58
72
61
40
41
49
43
70
17
60
13
79
7
67
65
2
55
32
67
42
9
42
80
82
63
95
49
81
72
21
3
64
38
73
74
81
79
72
31
76
5
74
17
1
21
96
98
9
25
6
66
87
21
56
73
69
46
21
4
32
95
94
4
65
11
60
68
88
63
3
22
9
51
40
1
74
98
45
41
83
77
17
82
79
83
20
78
11
97
12
94
55
45
27
6
25
2
97
53
14
72
85
84
97
49
27
90
41
99
65
51
62
88
92
66
35
38
99
97
89
22
64
65
22
24
40
51
69
43
2
63
87
53
32
73
48
54
4
96
40
70
41
78
62
69
35
69
52
76
26
84
68
63
33
87
5
67
34
51
44
73
39
62
77
20
27
11
44
92
4
17
50
48
94
7
78
81
65
69
69
29
50
28
4
51
75
47
88
92
10
73
28
92
82
26
40
9
97
9
15
30
91
34
4
87
23
9
37
66
97
72
59
90
37
37
65
77
19
4
39
44
98
59
21
63
95
56
40
51
42
6
40
69
74
72
13
27
25
74
88
71
68
73
20
97
69
74
94
77
79
20
64
54
9
70
48
70
11
27
76
95
9
10
27
82
41
0
57
5
89
65
43
15
32
17
9
51
81
61
94
34
82
52
18
61
26
10
86
50
16
13
42
47
86
1
84
16
25
79
96
51
46
59
61
67
69
58
89
38
89
6
42
32
68
18
74
52
66
88
51
31
16
18
2
37
66
63
68
96
63
81
93
68
95
41
37
35
0
42
1
9
68
2
13
32
54
83
32
70
41
27
45
93
43
59
6
3
52
63
31
63
18
13
57
68
87
36
54
94
38
80
88
86
66
32
23
36
7
27
78
46
77
37
58
18
66
70
46
0
74
28
85
93
89
26
40
52
36
71
29
19
17
29
35
92
29
18
41
19
27
80
93
69
30
45
12
78
49
47
71
48
57
23
41
60
26
65
96
70
76
77
71
27
21
48
10
4
81
97
96
45
92
97
56
99
5
79
85
54
71
48
94
58
53
3
73
77
64
11
57
36
46
8
83
94
18
61
65
71
68
23
49
47
68
9
48
0
41
82
11
19
97
84
22
84
19
29
71
45
68
56
8
71
94
10
27
87
35
62
91
70
32
73
77
63
69
48
20
37
48
23
77
98
68
69
78
16
2
59
67
7
96
38
75
9
67
19
81
60
7
87
52
9
56
64
12
30
38
71
46
45
48
76
90
89
93
42
81
74
56
82
57
40
80
37
59
34
47
1
47
25
13
55
43
82
99
99
59
20
81
83
89
67
12
23
1
66
47
18
55
73
45
61
87
93
37
62
95
67
73
98
65
22
50
34
45
19
18
75
5
60
57
92
82
61
85
36
35
7
57
93
25
97
98
5
84
75
22
60
15
76
95
94
35
82
52
52
47
21
0
69
60
4
87
32
0
92
44
8
24
63
59
76
60
10
19
85
41
47
29
2
43
65
45
7
0
9
8
79
29
72
56
25
63
62
32
76
5
35
24
89
7
36
21
42
70
9
88
43
43
33
0
4
45
12
31
19
30
26
32
62
10
97
93
80
36
86
19
57
30
57
36
44
77
86
51
95
51
77
3
29
5
67
32
66
84
97
38
22
92
20
20
58
99
75
70
29
42
59
90
68
26
10
91
70
15
60
87
41
89
18
37
24
39
24
59
67
15
99
41
64
20
23
0
80
48
53
79
58
342 811
585 143
146 571
181 326
1 543
792 16
522 549
895 357
632 503
969 711
198 895
445 53
836 569
184 341
453 433
68 261
101 131
804 663
559 187
779 401
90 107
881 471
950 310
539 537
159 861
320 790
128 664
506 942
514 790
891 554
559 918
974 575
486 153
121 846
153 413
960 344
500 593
72 472
353 706
773 110
171 714
453 253
638 98
550 861
835 374
264 553
680 511
553 392
560 158
323 751
755 409
398 429
444 682
495 682
706 299
21 915
796 928
394 427
326 994
880 131
817 579
396 506
117 508
973 785
555 778
646 948
929 3
689 304
937 355
728 201
624 621
322 854
882 988
791 682
557 206
573 167
287 732
619 52
830 466
270 925
712 959
596 638
768 392
723 574
849 141
838 994
749 661
237 636
693 538
573 435
902 421
337 27
669 927
339 929
122 23
753 752
547 652
296 980
311 697
879 846
931 587
191 709
941 724
438 872
782 392
662 680
262 467
131 423
875 620
278 661
544 201
649 567
713 981
95 309
345 914
728 545
368 551
740 918
628 199
989 928
973 982
791 962
123 341
595 835
713 688
922 529
572 765
758 325
305 61
851 216
815 946
965 792
66 274
237 260
393 279
449 394
244 18
71 749
286 407
67 945
773 956
803 636
683 637
150 862
136 976
75 95
973 549
385 430
260 577
508 663
631 264
341 363
108 465
580 659
69 261
227 230
656 320
609 500
426 167
946 592
46 898
196 237
300 846
493 936
224 899
831 197
814 713
93 954
516 24
78 822
710 661
243 825
858 732
29 882
411 738
84 741
520 250
289 766
237 826
368 62
609 199
61 430
628 912
637 941
897 721
879 703
480 784
107 114
103 2
88 613
373 841
379 194
159 323
534 869
718 87
416 101
87 502
51 198
172 345
473 102
347 98
178 480
76 954
102 673
678 519
529 45
437 913
267 165
98 462
886 507
813 335
586 602
717 689
169 478
912 46
232 911
82 537
799 518
373 156
879 733
154 803
440 110
686 533
643 457
316 683
325 288
782 788
820 431
780 522
810 365
132 632
606 962
430 332
33 233
913 50
633 869
864 66
411 100
784 851
276 64
886 770
245 36
645 80
89 624
131 480
800 492
36 999
423 942
862 392
228 152
325 767
160 405
712 540
567 295
998 871
89 206
812 130
276 818
325 997
663 970
437 451
961 275
39 252
566 948
967 435
600 623
331 666
126 57
23 793
626 786
500 922
280 324
737 331
348 134
30 506
907 698
928 997
979 419
184 556
996 845
931 468
42 144
665 237
762 594
367 658
943 647
419 415
949 908
419 821
395 861
523 712
8 646
657 388
258 934
178 439
258 49
373 351
97 258
937 228
202 913
686 877
195 747
476 797
248 790
585 383
135 882
744 37
46 532
447 700
616 18
323 903
734 953
187 734
991 265
998 168
29 355
734 165
938 225
450 411
749 689
67 79
663 967
219 823
330 789
424 321
371 493
278 150
635 706
878 541
565 719
729 625
201 314
0 842
62 712
433 417
740 491
471 795
20 509
462 715
679 755
593 237
333 192
259 993
778 706
789 461
705 228
183 422
320 230
309 209
385 163
777 118
179 193
850 902
592 482
451 831
771 636
181 952
696 677
284 922
434 355
599 992
465 39
143 590
63 502
292 343
257 424
326 637
9 609
300 807
522 297
489 516
934 288
402 556
492 431
138 995
149 28
514 705
912 573
672 539
806 613
162 848
34 889
547 822
651 850
907 119
3 910
792 637
238 717
710 985
88 846
257 732
955 663
389 521
162 670
78 455
444 994
779 132
780 328
714 304
630 467
283 105
594 495
478 58
902 592
300 997
919 523
664 747
765 346
960 839
186 858
181 153
877 927
274 941
893 469
329 397
193 31
784 24
624 11
657 461
182 351
434 776
107 170
672 851
915 40
547 863
558 381
43 625
745 47
550 327
31 105
975 337
134 306
896 312
240 25
471 811
54 215
112 251
49 315
458 326
328 762
770 972
975 745
428 661
792 111
636 121
280 45
813 586
502 777
982 566
844 685
93 200
136 294
988 636
255 311
245 968
496 355
313 35
713 794
427 71
484 236
229 665
124 938
349 335
37 966
614 411
919 575
448 198
27 304
615 75
480 865
887 490
91 886
912 1
807 734
674 198
58 413
723 504
231 392
91 130
465 113
663 386
462 586
597 32
49 306
584 818
207 392
854 132
174 660
525 408
94 532
942 730
488 511
914 710
129 569
79 816
118 215
953 725
989 714
902 549
52 141
149 828
5 977
699 931
737 877
52 731
340 164
40 434
106 791
3 80
645 235
570 840
3 4
222 110
738 73
855 260
128 623
851 817
164 433
87 15
217 674
292 777
222 296
231 192
345 938
590 758
740 998
415 956
957 174
632 528
462 818
740 203
545 579
549 756
915 401
712 992
766 823
124 291
796 214
217 474
122 265
372 176
71 454
378 418
787 161
317 739
24 366
90 148
175 69
425 289
218 110
672 549
485 541
253 898
557 47
540 848
641 945
645 511
544 980
162 357
318 600
525 851
200 870
768 791
110 657
523 374
948 640
14 863
462 169
275 422
517 43
351 143
369 922
547 867
4 769
65 402
830 218
56 173
839 712
375 7
140 456
807 702
633 278
610 17
239 748
961 172
807 452
824 346
884 906
322 498
400 916
563 631
265 504
421 605
12 206
306 255
261 833
134 875
766 884
585 292
649 285
