1000 600 678
224
176
641
705
432
162
245
914
332
797
110
633
205
822
551
894
659
695
646
866
551
642
365
957
830
743
529
701
863
956
611
364
481
352
340
595
227
377
155
355
796
532
428
280
151
613
684
545
977
157
743
678
915
372
423
876
609
160
136
847
306
214
130
829
870
196
951
400
124
204
376
365
588
289
381
234
564
126
866
711
867
265
565
194
889
841
763
789
466
737
140
378
665
133
966
113
257
654
912
453
275
289
150
555
254
942
540
490
174
538
612
838
490
409
131
299
950
254
424
988
948
316
477
335
666
701
420
122
154
521
846
185
562
407
380
205
630
698
332
801
477
988
404
945
812
609
189
968
833
578
578
239
422
831
171
603
137
398
468
545
715
748
323
550
243
868
368
454
897
971
714
479
701
294
930
413
540
489
913
103
726
201
153
660
145
218
324
482
488
911
868
755
824
623
811
251
160
506
802
947
352
966
633
221
948
720
159
433
979
828
894
965
711
804
505
351
263
363
919
285
126
390
911
959
582
827
992
689
903
778
794
894
847
935
566
162
483
918
939
907
848
741
270
819
451
211
980
397
789
325
971
776
876
218
369
945
730
439
824
234
561
326
909
433
389
832
678
458
696
601
974
741
431
610
706
785
883
150
465
790
791
977
928
259
672
275
558
858
979
825
658
491
455
936
472
578
716
826
441
299
353
619
201
916
904
948
679
713
407
247
464
294
958
247
610
302
948
116
503
423
844
884
702
776
371
409
427
798
346
759
460
688
849
441
707
520
957
474
933
363
886
661
869
785
142
209
196
391
438
776
820
516
277
991
963
723
377
196
524
336
506
224
415
943
475
396
348
156
117
847
949
966
110
818
812
766
205
101
633
472
688
984
879
709
437
805
359
964
889
477
308
136
204
967
641
492
819
769
665
432
587
885
873
945
724
962
715
210
393
125
632
318
792
190
180
581
548
230
539
737
829
353
237
590
926
420
931
587
403
155
812
968
605
401
716
146
998
822
604
442
136
404
413
218
690
547
282
181
807
215
141
857
551
170
966
287
337
271
196
882
845
718
303
146
756
684
668
577
692
347
600
970
327
183
476
394
496
646
975
191
785
408
908
835
736
464
636
374
641
836
353
607
733
800
432
655
734
957
186
804
599
303
993
547
773
359
277
679
432
732
244
282
311
233
651
599
332
831
879
153
816
110
687
762
609
411
837
970
760
695
652
601
221
679
395
811
469
149
547
932
615
536
915
730
346
283
616
635
840
732
685
608
712
348
654
188
417
216
780
974
867
211
131
565
844
120
709
497
166
736
972
530
469
580
963
205
453
508
889
399
526
978
503
438
209
848
973
504
250
320
373
304
716
403
307
678
121
752
377
578
696
604
602
584
185
457
898
327
289
379
993
891
126
825
436
934
452
566
842
590
358
812
576
452
485
510
308
250
573
677
344
852
860
979
300
104
348
478
595
516
509
389
489
439
623
410
814
934
553
565
400
855
204
667
452
571
430
390
106
444
329
151
266
525
861
996
363
377
839
445
580
662
308
175
569
780
283
681
632
612
649
904
668
895
835
698
810
489
646
986
309
378
114
494
701
173
817
651
483
280
899
654
439
233
489
809
325
760
895
935
868
791
288
621
354
456
520
704
108
146
174
661
272
129
524
168
510
563
713
770
680
159
496
404
333
225
915
719
991
178
572
664
302
122
702
947
545
598
688
726
589
656
702
371
989
398
554
222
610
833
368
916
221
323
347
179
328
752
856
407
181
782
251
808
975
204
978
844
392
422
866
317
279
976
575
544
578
761
323
735
402
727
589
722
910
634
156
560
701
196
792
583
398
230
571
316
758
374
876
221
295
917
748
966
405
940
318
490
849
749
169
598
303
894
865
719
638
496
389
285
722
298
580
173
844
134
155
250
469
781
603
586
132
272
491
576
881
680
901
364
303
882
346
842
375
958
656
529
361
682
319
873
626
230
272
180
879
481
845
483
190
512
755
131
816
341
532
347
773
805
243
543
650
346
448
519
732
160
319
815
256
673
925
431
936
931
615
398
903
551
232
457
674
526
703
100
758
657
860
470
886
117
974
511
634
336
584
346
367
344
541
470
995
162
897
744
125
192
762
918
392
775
827
569
522
498
123
153
542
857
973
540
872
131
932
626
580
762
428
925
118
500
714
653
196
312
791
677
488
587
220
462
814
170
664
641
269
213
142
242
278
176
462
928
131
348
651
909
494
923
370
250
610
226
508
763
383
474
520
813
428
202
867
921
828
814
826
449
835
461
981 633
56 208
49 608
636 501
834 513
906 743
805 20
725 63
860 103
708 513
362 39
57 107
317 883
345 524
29 936
22 182
283 305
800 228
927 252
715 423
104 419
351 369
910 344
248 532
470 82
285 965
733 384
500 49
927 622
740 605
587 207
532 3
514 163
572 141
872 236
72 59
11 970
417 57
328 291
237 108
916 295
545 800
548 579
608 830
83 866
257 827
498 552
528 697
3 610
471 624
101 133
141 81
355 4
639 413
443 297
394 272
98 58
235 296
814 626
755 730
116 153
647 754
8 903
195 121
834 931
329 994
97 790
433 720
86 357
548 383
855 62
54 376
129 290
113 761
933 206
963 384
226 609
38 711
533 446
326 880
142 731
589 481
880 946
285 497
926 783
152 458
342 663
949 692
403 671
574 970
748 640
577 329
132 675
160 412
813 907
332 99
769 842
437 70
998 375
281 57
486 273
226 607
632 126
854 884
410 156
919 829
710 652
109 773
483 150
958 229
939 643
307 899
917 108
771 146
61 932
917 547
655 582
400 48
845 549
680 374
569 641
176 835
193 322
972 465
299 220
144 617
369 488
411 852
646 820
312 182
138 410
428 212
22 721
750 160
304 517
5 393
39 588
382 906
485 179
654 994
208 914
671 204
712 480
564 346
724 222
40 801
239 806
462 531
768 8
952 534
227 846
104 715
296 513
99 953
338 79
843 724
353 308
468 809
574 430
271 172
111 486
408 398
880 349
199 673
538 265
755 239
22 436
78 448
485 381
188 33
398 161
437 663
416 149
268 846
684 824
125 340
95 121
141 297
174 494
337 989
465 286
418 320
974 57
901 702
472 177
909 60
754 897
185 544
891 937
21 179
260 205
939 50
600 842
339 833
105 346
987 928
712 683
472 586
837 75
431 82
635 561
632 875
861 716
307 765
246 936
542 264
488 617
242 272
885 876
779 393
830 75
290 888
587 604
21 879
184 670
917 342
355 431
821 850
655 313
278 519
360 714
33 43
944 394
250 131
698 76
629 686
348 991
578 113
882 167
390 129
46 260
968 929
700 229
246 992
237 867
332 476
4 720
275 503
528 938
879 474
942 856
168 573
264 857
95 855
643 212
766 440
682 656
951 225
729 987
707 467
37 90
601 444
35 544
246 912
830 325
394 771
441 985
115 812
229 404
598 772
664 194
707 175
175 955
515 819
965 88
445 633
388 906
270 329
421 616
762 899
332 653
917 810
575 236
119 243
257 653
45 364
875 145
442 807
560 958
413 77
879 22
555 724
249 103
978 425
887 522
120 499
393 692
325 156
78 800
978 291
797 508
456 778
475 955
63 731
932 632
709 995
503 915
904 776
504 778
858 594
632 24
225 724
119 240
538 205
113 928
511 545
89 284
718 867
783 422
652 715
627 532
422 877
821 922
481 567
188 862
939 195
510 898
855 323
249 766
404 421
620 581
492 831
31 637
841 339
274 16
186 657
861 62
194 669
734 166
966 285
208 220
447 42
438 190
994 261
933 936
917 597
446 27
930 188
666 949
579 692
611 260
740 788
50 619
478 0
447 393
624 492
150 91
356 530
541 710
530 88
572 160
789 646
835 783
558 603
692 690
222 802
22 743
350 462
468 163
716 489
228 888
173 154
885 387
352 219
991 59
339 398
785 303
158 449
94 332
321 625
612 956
553 941
853 782
440 343
277 250
823 775
420 593
648 64
417 959
665 645
350 581
647 585
402 695
876 41
306 271
356 262
764 955
151 591
27 580
314 250
351 282
422 930
136 250
993 331
376 981
864 280
301 286
945 589
579 588
160 665
956 465
589 399
97 797
423 670
816 692
163 564
974 620
219 666
577 235
613 277
364 695
761 955
842 564
130 972
277 31
334 697
778 350
260 608
993 467
450 431
304 953
282 555
293 674
454 460
206 589
674 21
51 696
55 405
611 569
233 478
626 809
411 387
132 113
850 916
495 893
637 946
938 586
432 980
379 969
189 324
628 686
163 800
861 13
240 8
355 933
783 844
416 967
231 720
302 504
402 928
300 871
765 261
850 905
153 418
981 593
114 266
153 187
642 626
923 769
869 722
829 552
641 654
108 330
211 273
78 472
846 352
497 780
0 511
693 780
207 575
549 317
918 762
377 249
848 830
574 443
206 511
481 124
128 302
340 996
514 861
412 361
110 429
30 722
621 243
453 658
512 641
5 263
552 363
296 796
152 90
659 253
9 486
775 318
92 76
466 506
924 529
850 326
862 165
465 845
113 629
965 756
27 9
92 472
366 716
772 913
153 53
805 661
294 852
25 747
404 249
234 503
949 560
821 380
742 582
688 343
647 127
31 836
705 721
404 177
686 564
94 419
564 186
639 23
873 242
369 454
311 161
388 552
720 575
392 487
922 35
64 167
537 476
139 207
379 879
745 295
548 376
168 513
863 954
386 646
545 815
940 806
938 704
783 454
462 324
670 922
288 757
298 0
692 883
199 507
963 927
586 783
68 946
219 487
820 611
857 810
728 425
870 27
242 900
375 465
774 829
28 871
252 884
698 916
954 269
161 426
866 211
32 445
60 129
10 514
50 597
155 27
120 471
551 312
996 777
253 485
272 935
595 13
983 524
814 270
131 975
451 630
904 546
830 773
266 20
401 134
738 28
451 356
313 540
170 110
808 366
885 784
821 456
810 441
699 309
861 338
125 562
937 100
29 685
620 16
802 647
