1000 600 183
968
250
929
762
665
430
746
839
663
487
421
986
595
998
358
448
305
923
500
457
899
224
108
300
220
925
913
432
841
283
222
409
197
146
527
702
292
989
359
684
672
962
856
142
940
422
829
141
776
344
696
818
427
475
762
508
535
332
980
290
532
154
958
858
800
148
290
328
894
660
230
165
104
527
686
629
861
221
968
124
976
763
680
997
227
100
681
850
623
357
446
983
760
380
480
303
610
679
908
514
408
231
219
483
974
686
749
327
205
834
131
443
116
915
437
521
765
765
282
652
318
145
437
358
796
677
223
388
445
207
133
792
724
455
606
504
460
999
971
197
558
377
781
539
479
508
412
134
328
614
606
342
882
941
797
518
556
199
826
714
812
330
708
485
922
817
337
552
254
481
174
698
939
356
934
485
131
765
661
294
442
914
626
486
849
185
955
587
277
263
961
643
599
157
150
199
969
788
382
650
714
755
750
894
451
241
123
303
495
237
354
520
496
422
161
849
449
651
957
126
868
933
783
512
969
237
892
942
594
243
618
286
639
606
951
665
914
526
988
535
497
584
157
952
422
767
397
879
889
542
336
635
483
893
323
162
758
548
323
160
886
557
920
829
100
787
805
332
293
491
856
368
978
444
746
398
743
246
268
565
842
377
381
732
802
779
871
544
583
827
213
617
239
385
669
740
767
933
405
442
913
683
724
417
398
794
405
395
927
378
896
563
459
515
632
164
725
891
366
807
961
283
464
382
440
393
992
510
809
113
671
564
332
776
220
401
810
684
748
603
961
804
621
618
376
251
256
600
750
636
423
490
767
924
822
497
738
815
631
707
890
825
140
978
879
470
243
930
414
238
270
543
150
405
661
672
432
634
187
380
275
766
237
578
397
362
458
559
891
175
838
775
966
180
267
603
849
991
468
343
543
563
228
641
535
886
402
102
810
861
844
298
740
286
236
232
735
505
958
198
129
362
442
815
605
668
541
665
824
145
201
572
638
373
608
864
131
379
488
428
334
669
987
553
493
248
791
546
644
489
238
574
575
546
923
778
242
307
876
741
745
587
406
683
270
809
876
868
872
830
959
742
872
429
772
641
167
288
721
233
327
508
777
930
711
917
843
928
922
432
343
749
631
926
875
350
595
297
203
558
170
285
953
345
650
736
728
397
266
359
686
479
191
517
844
406
477
248
879
522
783
562
698
677
926
126
256
641
959
761
614
446
569
282
973
147
700
999
926
867
651
611
183
766
466
934
409
439
151
340
191
991
542
843
347
999
449
227
425
831
118
354
647
305
896
327
316
399
865
926
522
742
600
586
997
877
935
747
285
838
366
743
376
178
463
210
554
363
854
845
646
859
563
866
158
836
996
258
244
409
815
853
883
893
443
251
517
573
899
470
163
763
533
884
352
185
352
699
767
497
291
516
251
406
110
172
563
161
699
355
488
275
247
179
539
732
128
818
410
842
277
148
692
622
175
451
844
383
371
274
521
689
861
396
982
497
128
860
278
892
282
983
753
613
497
198
873
776
615
752
978
295
418
560
116
682
210
898
633
328
832
251
872
445
255
808
821
760
880
495
440
181
199
806
141
727
773
598
632
247
216
232
329
552
184
353
900
639
865
151
867
613
867
599
662
567
549
532
765
695
784
311
552
257
355
481
443
769
129
446
900
792
848
544
782
843
719
256
410
513
649
602
731
311
157
972
799
350
176
402
400
689
475
255
927
686
968
244
678
671
384
260
907
921
441
764
415
529
259
708
413
771
732
533
918
988
304
846
837
895
249
796
432
867
456
372
555
319
139
203
359
659
606
506
743
577
531
636
792
455
875
804
814
931
918
751
277
202
181
162
327
735
571
504
620
317
606
808
147
945
474
597
929
134
657
586
190
999
588
633
809
384
104
622
728
870
625
880
603
411
328
834
534
549
383
721
871
366
205
470
200
603
488
404
872
556
980
644
103
180
109
482
816
595
539
393
773
729
767
651
587
300
468
454
742
773
177
249
322
487
959
199
868
835
121
660
250
377
741
324
385
956
957
430
154
786
552
120
166
621
364
519
379
875
804
771
288
915
925
927
426
415
143
732
903
587
951
988
298
471
953
464
435
262
450
977
411
931
316
807
194
126
408
298
351
472
926
937
936
159
143
870
986
486
622
888
688
426
697
190
307
384
657
250
747
753
235
416
965
108
512
487
858
830
716
787
741
908
318
831
630
526
881
463
441
306
803
753
879
745
356
933
381
768
447
381
599
159
316
120
936
216
611
196
469
709
682
901
932
624
6 585
13 765
575 215
257 504
659 317
573 353
159 425
729 313
528 647
220 143
140 433
132 458
240 190
39 377
203 320
708 378
630 152
444 967
806 83
106 125
752 435
169 138
135 488
652 51
838 592
49 77
593 432
881 145
252 354
692 400
356 390
660 713
297 924
128 543
370 667
633 30
446 113
939 778
931 154
854 683
263 663
333 115
1 224
780 549
506 849
284 459
474 99
55 387
992 151
78 286
540 355
383 411
508 543
985 769
76 705
529 763
163 144
173 602
369 299
701 422
41 964
118 604
993 448
298 189
361 279
266 264
821 857
20 591
937 633
429 224
235 903
626 297
214 28
20 899
213 732
34 1
712 663
608 231
684 506
210 337
821 463
717 907
486 649
106 888
167 685
725 439
930 826
9 690
927 757
396 5
653 329
435 26
543 671
691 200
155 387
416 202
324 593
805 721
241 884
849 433
946 771
992 167
99 237
504 540
701 820
386 691
287 252
378 494
191 542
146 662
299 965
143 831
773 465
896 480
656 871
763 506
315 113
46 901
132 528
805 927
445 194
149 907
549 554
931 820
968 195
78 921
393 693
548 733
697 184
483 619
882 753
114 171
244 906
115 490
943 872
418 329
465 154
274 489
66 394
226 946
444 639
641 945
626 154
404 596
818 999
111 427
868 522
252 847
798 67
609 611
4 817
55 477
879 636
893 457
609 289
822 328
829 375
26 198
762 927
140 9
45 4
183 53
283 416
955 226
820 228
730 996
847 324
939 663
750 401
848 265
22 539
274 838
813 887
671 610
18 301
254 921
95 534
372 225
694 606
524 16
560 551
453 227
866 220
459 900
387 676
424 444
419 248
942 835
411 4
970 23
777 741
166 47
144 451
328 699
335 674
800 71
235 79
991 267
759 75
412 132
336 504
845 245
486 284
127 297
425 95
639 995
218 904
34 946
525 644
371 547
421 33
513 133
108 330
653 473
331 14
559 96
887 116
15 198
28 336
387 746
323 963
116 394
277 604
741 661
396 367
779 839
341 575
954 43
864 743
230 168
204 724
65 668
779 680
592 711
113 371
233 983
923 58
64 92
415 900
467 439
187 950
480 492
622 591
333 351
219 770
695 993
254 620
842 770
154 372
3 468
633 53
679 254
943 217
898 37
597 859
324 850
596 263
934 793
945 314
146 984
935 20
843 921
313 304
745 378
707 282
978 624
483 598
682 281
140 196
745 332
687 209
928 194
949 537
978 946
203 964
757 8
199 113
462 912
565 176
454 772
831 867
933 37
775 119
796 830
408 430
923 618
442 167
541 727
353 522
923 212
480 845
332 85
228 572
778 702
761 491
827 939
94 250
685 357
157 530
268 477
912 148
195 53
488 17
205 550
130 402
563 962
315 621
312 602
43 71
11 297
866 978
977 967
965 281
824 790
731 661
46 746
465 475
332 344
964 770
662 598
362 440
933 88
48 197
500 730
639 97
578 338
836 55
621 736
485 773
60 685
608 991
337 743
544 379
156 491
83 242
888 601
61 190
427 196
966 163
718 140
114 810
979 878
233 356
683 889
227 29
410 803
195 842
885 500
138 737
291 181
199 596
308 946
935 158
346 857
424 767
927 513
920 700
508 74
778 39
403 805
81 862
862 974
220 684
132 468
412 684
431 280
624 462
441 754
722 113
60 843
46 86
924 491
286 963
444 945
222 911
129 941
67 876
101 825
916 702
486 248
966 418
628 221
169 186
991 351
845 592
423 587
906 222
654 795
6 736
595 549
631 315
319 613
755 557
986 555
300 934
51 710
442 164
831 160
660 283
290 306
113 403
223 725
634 299
17 794
600 466
206 674
224 310
581 858
275 216
552 357
455 503
509 2
336 128
891 578
901 483
525 635
543 505
62 582
438 831
446 629
526 423
707 720
417 604
573 259
969 951
525 257
571 164
997 614
521 544
327 305
301 98
543 59
831 271
146 943
919 474
998 421
458 769
204 749
542 179
59 199
512 5
836 421
989 803
149 682
683 105
863 315
195 503
32 783
188 12
526 586
106 60
375 223
665 248
695 894
805 813
811 104
133 782
495 119
136 41
339 629
976 7
876 751
112 699
720 144
91 898
738 134
923 189
725 459
444 656
44 407
108 622
404 545
56 760
323 419
497 657
35 601
993 506
208 705
562 814
822 579
630 302
148 863
101 512
106 800
953 926
328 258
352 387
605 917
594 920
994 403
417 798
971 553
94 117
457 730
17 563
471 38
559 112
242 671
408 317
219 274
779 894
654 852
102 490
860 736
479 64
903 643
39 851
267 367
629 938
399 119
526 348
999 810
340 448
704 875
419 63
316 806
667 616
560 807
356 26
68 685
619 566
744 775
918 866
593 913
921 168
120 896
319 29
302 313
69 794
366 888
345 705
232 288
852 94
475 965
340 167
434 383
24 190
311 99
302 171
686 567
637 421
653 668
672 534
237 397
727 136
909 952
214 794
717 378
203 740
634 959
746 857
842 374
271 114
136 967
193 609
963 120
785 76
977 699
612 919
66 227
776 675
636 801
834 279
398 41
166 225
943 307
372 229
261 89
285 34
585 225
217 601
915 69
646 832
726 66
674 552
405 355
711 686
560 744
834 260
238 434
580 776
476 86
289 220
978 76
935 180
205 321
667 600
840 224
141 546
194 555
789 272
151 88
530 228
575 93
618 260
40 710
433 188
246 126
45 334
959 589
