1000 600 631
801
414
821
670
853
828
402
962
121
900
951
833
417
948
863
189
958
172
306
563
434
754
215
989
736
609
153
766
372
850
496
624
522
136
805
151
719
654
116
931
220
829
569
538
998
385
874
669
796
920
167
232
423
206
788
125
516
491
257
949
543
769
797
734
375
821
494
945
704
877
784
125
802
863
775
812
840
891
222
126
135
484
775
764
471
561
196
625
159
205
214
684
717
255
735
666
101
454
824
564
242
609
544
863
274
454
387
550
978
567
404
219
691
847
843
434
204
864
158
471
575
267
847
689
665
408
919
611
606
545
298
977
683
986
795
570
406
169
546
710
248
624
888
515
375
473
181
489
113
313
567
618
914
786
676
761
638
278
448
174
547
651
753
529
188
893
232
859
401
994
907
543
216
687
559
770
928
467
796
547
840
937
126
322
475
956
901
806
373
662
185
906
150
805
607
461
175
502
166
521
913
534
563
509
198
991
667
758
741
402
613
729
260
214
795
569
425
577
523
931
699
605
654
706
257
848
120
593
826
322
829
644
779
264
841
523
688
930
652
209
882
758
678
269
735
984
441
269
835
472
448
474
490
925
570
515
587
437
859
827
424
985
348
728
812
718
736
256
452
643
185
954
246
632
951
128
221
985
500
797
647
474
688
881
930
523
834
396
388
940
197
945
316
523
918
957
829
716
549
703
238
105
629
693
888
910
426
933
595
383
932
626
643
118
564
554
588
274
312
849
680
852
659
256
377
767
745
438
190
979
126
755
918
812
938
399
104
137
567
1000
819
763
758
867
375
654
218
336
928
808
953
534
635
152
579
407
804
602
392
227
616
283
370
759
776
321
285
603
605
201
179
970
983
644
200
974
944
293
735
438
503
965
431
774
902
650
357
366
314
996
523
730
335
520
812
824
469
647
578
442
530
703
774
865
766
734
350
661
837
220
608
246
169
781
140
587
592
541
389
617
453
874
817
555
277
458
701
702
129
941
222
334
110
690
289
129
210
630
826
979
314
371
185
826
156
497
334
225
176
861
376
887
154
171
723
457
394
202
392
220
414
780
114
994
642
847
346
941
757
255
590
903
267
602
693
981
332
627
796
978
471
940
179
418
684
825
932
580
256
225
171
453
416
738
600
768
756
282
522
938
375
830
157
992
142
441
661
694
708
236
942
951
812
711
453
506
249
741
192
291
820
214
930
756
122
881
284
768
456
126
641
517
479
110
888
793
752
893
513
613
594
228
249
866
976
359
906
792
180
727
994
905
534
706
659
245
611
406
552
261
507
624
586
783
587
735
248
849
514
511
750
386
944
156
950
349
414
100
158
944
186
903
885
106
870
203
270
708
895
632
286
486
843
667
877
591
577
528
952
838
428
327
882
872
626
219
608
353
493
905
914
361
304
967
706
742
891
854
187
646
689
870
510
498
433
932
678
952
929
564
602
744
252
196
422
150
365
396
308
773
145
149
234
424
795
284
417
550
233
997
575
433
980
854
108
852
848
310
587
659
258
749
271
993
690
352
174
533
799
497
383
188
770
288
549
360
892
227
127
733
841
850
690
216
978
533
330
775
188
209
739
210
886
838
172
943
988
316
896
599
362
749
996
344
298
584
900
663
678
736
594
171
373
518
720
507
208
283
217
644
204
327
266
780
425
986
826
840
409
846
507
216
779
497
142
500
570
899
514
996
429
586
427
853
513
653
601
270
249
481
138
468
129
109
650
125
736
400
285
502
253
188
355
996
382
306
597
644
480
738
731
321
518
751
420
186
405
324
649
416
726
320
816
412
531
205
594
296
573
292
369
163
755
431
946
707
909
138
695
870
426
408
397
692
164
333
145
303
874
374
472
761
218
347
618
857
446
739
771
952
398
722
204
537
593
932
184
919
802
789
860
585
791
942
821
924
964
326
474
260
466
641
764
585
689
403
351
106
224
903
523
266
389
346
815
895
805
901
870
225
386
854
959
830
659
177
376
955
175
482
146
963
848
175
968
218
851
110
558
783
846
980
737
614
973
426
560
803
823
508
308
716
920
707
131
416
940
650
924
704
829
100
686
581
198
899
991
354
902
596
269
116
600
731
962
221
510
721
548
875
348
309
600
542
649
951
209
717
749
475
380
278
494
281
399
831
176
857
567
232
686
517
906
462
867
972
456
945
405
360
530
712
697
507
339
682
326
110
403
478
120
936
437
661
614
864
207
188
211
790
626
345
790
841
372
376
469
431
101
424
269
239
528
447
662
775
165
193
133
795
734
359
403
161
221
360
904
138
146
926
51 566
490 970
764 875
491 245
44 818
948 772
152 533
693 148
774 992
330 779
893 627
221 655
148 24
377 706
486 83
561 982
356 888
972 590
516 436
384 52
703 108
655 745
247 788
760 671
446 88
248 290
452 716
997 654
91 65
597 573
360 449
202 824
958 920
18 379
497 394
591 712
615 809
319 507
557 665
581 390
370 464
250 31
306 862
346 273
184 788
760 991
803 362
654 83
758 209
210 389
990 583
854 360
391 650
338 882
229 339
613 618
351 499
852 81
156 111
360 442
802 718
820 989
478 726
493 425
516 128
640 126
640 64
500 917
486 344
357 168
841 508
525 130
975 848
487 654
48 271
856 671
888 977
980 870
933 9
34 43
734 522
762 951
882 481
906 697
134 673
34 209
602 904
985 741
267 705
39 389
715 708
789 346
107 423
713 656
98 855
706 72
388 761
591 50
342 940
639 564
317 446
954 829
401 554
327 938
462 850
623 831
776 494
471 171
203 530
765 133
56 991
453 55
636 65
184 383
306 483
145 47
601 424
335 373
151 932
776 515
256 970
308 420
766 177
408 914
725 543
65 313
241 396
133 798
393 523
252 40
406 378
949 642
757 100
451 793
384 762
106 886
445 598
97 43
855 645
763 985
861 799
924 594
19 115
545 646
225 521
394 705
11 558
244 357
145 41
999 37
723 352
827 641
757 503
726 572
189 227
492 299
224 474
146 19
490 993
154 184
552 685
76 506
276 851
588 754
393 590
663 836
126 599
624 776
186 141
717 674
110 579
426 31
222 127
784 168
622 889
574 963
26 485
678 875
982 858
295 148
520 385
129 956
593 363
950 734
471 620
120 134
515 560
339 682
678 920
213 466
363 837
775 730
691 600
822 165
638 208
461 351
948 623
52 282
300 991
332 201
51 409
324 228
248 432
447 136
484 315
245 211
559 960
474 446
837 817
200 704
92 307
934 559
36 750
34 236
337 443
792 788
758 534
432 731
866 503
400 34
725 44
93 370
580 836
652 326
503 287
457 210
867 40
956 103
28 348
771 43
275 587
934 177
989 766
243 728
692 618
97 842
535 499
763 744
869 103
177 658
475 739
174 717
580 933
482 592
733 782
277 218
341 763
850 186
330 600
188 517
726 996
784 174
693 97
646 788
592 20
605 743
459 193
472 783
815 142
433 948
903 771
640 369
675 31
573 423
257 221
109 430
781 721
42 310
386 875
880 234
403 364
851 481
521 614
783 5
176 701
566 952
877 564
835 603
764 288
358 685
439 825
671 900
746 218
642 437
820 553
30 634
588 171
670 720
745 256
283 878
907 240
658 806
171 190
460 264
327 228
343 233
887 322
142 115
699 89
308 695
725 184
324 697
758 339
549 410
811 315
130 23
975 143
744 836
515 755
882 87
792 382
779 506
730 447
585 476
64 603
693 806
762 208
767 570
412 723
301 139
968 703
924 280
47 646
672 52
978 433
510 226
155 972
133 408
341 746
98 910
595 468
869 540
309 836
203 661
23 9
774 205
757 353
958 760
452 536
670 898
940 417
676 524
654 671
847 468
669 164
11 492
683 452
0 834
90 420
396 685
275 260
459 95
79 463
449 520
687 735
317 400
506 271
117 479
696 393
932 371
224 769
179 472
465 305
250 95
617 181
355 462
777 642
267 135
734 486
307 266
426 35
856 398
972 931
8 334
991 58
361 471
415 164
95 275
44 25
928 116
35 101
376 439
276 88
22 404
308 367
391 897
123 198
858 313
588 111
11 857
422 784
552 331
110 58
384 835
149 619
371 618
410 95
359 150
358 773
9 131
457 549
730 908
50 8
387 86
891 751
49 410
366 455
580 136
13 906
300 92
426 960
647 789
847 247
950 240
748 362
101 684
567 823
803 993
697 156
564 395
955 503
10 758
812 714
47 339
12 982
898 29
401 717
431 653
709 594
192 744
178 349
792 747
642 893
258 652
217 882
192 280
593 216
612 368
563 275
130 642
953 517
631 486
629 693
990 729
362 893
54 117
940 391
83 732
939 477
311 332
343 285
21 951
508 628
684 270
514 649
98 430
257 90
795 732
539 750
15 750
658 484
436 295
30 703
242 916
385 974
75 155
703 600
551 777
518 798
533 339
589 72
1 207
228 502
919 65
911 879
907 428
103 436
106 93
415 354
763 669
213 774
941 42
215 213
146 387
15 872
89 67
818 897
677 326
107 526
992 125
776 457
657 62
508 915
475 838
666 571
162 980
623 760
306 378
771 203
788 679
731 152
856 209
790 817
978 81
911 608
113 770
332 690
496 455
149 903
669 713
608 51
879 41
888 635
953 476
594 402
271 839
235 395
621 922
774 693
698 969
877 493
134 161
59 862
106 702
476 637
681 391
351 895
430 626
399 511
828 12
166 738
181 818
842 835
204 617
106 811
122 459
986 942
847 136
462 732
228 603
374 222
955 662
272 29
441 872
88 385
852 231
155 614
905 732
930 811
90 61
347 576
834 813
855 785
116 373
160 903
546 203
300 159
252 824
743 900
786 438
731 691
593 64
512 940
700 495
967 504
526 165
436 435
975 660
885 306
508 476
972 958
467 165
1 653
827 339
639 292
407 764
146 187
283 837
657 422
633 949
678 366
223 642
948 971
454 661
908 207
469 311
601 468
864 137
955 335
813 167
348 609
449 114
228 947
429 704
499 46
273 627
927 406
19 306
826 334
48 845
